0.000130676
0.000213376
0.000304476
0.000346276
0.000146276
1.07764e-05
1.28764e-05
-5.68236e-05
-4.35236e-05
0.000173676
0.000188376
0.000212776
0.000260676
0.000121476
-8.56236e-05
-8.90236e-05
-3.69236e-05
0.000139676
0.000129576
0.000114576
0.000169276
0.000147376
6.18764e-05
-4.48236e-05
-0.000157124
3.81764e-05
2.11764e-05
7.21764e-05
-4.42357e-06
6.47764e-05
-6.06236e-05
-0.000126524
-0.000116524
2.91764e-05
-4.98236e-05
0.000116276
9.49764e-05
0.000144976
0.000115376
8.10764e-05
-8.79236e-05
-1.35236e-05
4.85764e-05
-0.000125124
-0.000267624
-0.000148024
-0.000166024
-0.000120824
-0.000170924
-5.35236e-05
-2.68236e-05
1.54764e-05
1.15764e-05
0.000168976
0.000224476
0.000134976
0.000135876
9.04764e-05
7.12764e-05
3.53764e-05
-0.000177824
-0.000420824
-0.000188424
-0.000267624
-0.000129524
-0.000174724
1.83764e-05
1.10764e-05
0.000117476
-1.05236e-05
9.19764e-05
0.000152076
8.31764e-05
0.000129976
7.50764e-05
-7.53236e-05
-0.000104624
-0.000209224
-0.000372224
-8.89236e-05
-2.43236e-05
-5.04236e-05
-0.000167124
4.66764e-05
0.000101376
0.000232476
0.000245876
0.000171876
0.000199276
8.02764e-05
0.000152076
0.000119276
-2.03236e-05
-0.000161924
-0.000328324
-0.000239424
-0.000116024
-8.79236e-05
-4.01236e-05
-7.78236e-05
1.64764e-05
4.05764e-05
4.18764e-05
-2.2357e-07
0.000128576
7.19764e-05
-3.27236e-05
6.99764e-05
8.64764e-05
-0.000120424
-0.000124324
-0.000241324
-0.000250924
-0.000295224
-0.000174324
-0.000248224
-6.84236e-05
-6.39236e-05
2.37643e-06
1.59764e-05
0.000150576
0.000174076
2.50764e-05
-1.59236e-05
-4.52357e-06
4.56764e-05
-5.47236e-05
-0.000107624
-0.000108924
-0.000128424
-0.000277824
-0.000180024
-0.000140124
-0.000112824
-0.000104324
-5.78236e-05
0.000370676
0.000255876
0.000166376
8.29764e-05
-7.32357e-06
-1.92236e-05
2.33764e-05
3.51764e-05
-0.000166224
-9.55236e-05
-7.89236e-05
-0.000271424
-0.000169024
-0.000124724
-9.98236e-05
-3.73236e-05
1.37764e-05
0.000146976
3.56764e-05
0.000143776
-0.000115724
7.72764e-05
1.95764e-05
-6.79236e-05
-0.000106524
-0.000166324
-0.000127624
-0.000116124
-0.000145224
-7.42236e-05
-9.65236e-05
-4.00236e-05
9.66764e-05
2.59764e-05
-9.20236e-05
0.000136676
6.96764e-05
-2.81236e-05
4.78764e-05
-0.000114324
-5.02236e-05
-5.73236e-05
-0.000132524
-8.95236e-05
-7.29236e-05
-0.000115824
1.29764e-05
9.25764e-05
-2.75236e-05
0.000120076
0.000150176
0.000136576
0.000210376
0.000141376
0.000155976
0.000107676
-3.46236e-05
8.97764e-05
2.65764e-05
-0.000189424
-0.000106224
-4.82236e-05
-7.88236e-05
-4.01236e-05
0.000150676
3.61764e-05
-3.20236e-05
-6.77236e-05
0.000133076
0.000168076
0.000252276
8.63764e-05
0.000249976
0.000184076
2.32764e-05
-4.02357e-06
-9.64236e-05
-6.51236e-05
-0.000275724
-0.000204424
8.35764e-05
0.000250576
-2.84236e-05
-5.58236e-05
-6.76236e-05
5.87643e-06
0.000166376
0.000289576
0.000131376
0.000174976
0.000234476
0.000311476
0.000154676
3.23764e-05
1.77643e-06
-9.84236e-05
-5.82236e-05
0.000141476
1.65764e-05
-0.000240124
5.00764e-05
5.82764e-05
0.000199576
7.47764e-05
0.000114276
0.000131776
0.000144876
0.000279576
0.000276376
0.000123176
-3.51236e-05
5.08764e-05
8.40764e-05
0.000118676
-4.83236e-05
-0.000147124
-7.08236e-05
-1.04236e-05
4.37643e-06
-3.52357e-06
-6.66236e-05
0.000104876
5.44764e-05
-4.61236e-05
0.000205376
0.000308176
0.000341276
0.000152676
0.000155376
7.47643e-06
0.000206676
0.000171076
-4.74236e-05
-0.000160824
-0.000115624
-5.17236e-05
7.09764e-05
-1.03236e-05
7.82764e-05
0.000134776
0.000174276
0.000122276
0.000210476
0.000132976
1.99764e-05
6.03764e-05
8.30764e-05
-5.28236e-05
-0.000118324
-9.00236e-05
-0.000128724
-6.95236e-05
-7.98236e-05
6.06764e-05
0.000175076
6.81764e-05
0.000131476
7.47764e-05
-8.62236e-05
-7.47236e-05
7.62764e-05
0.000205976
0.000197876
0.000124676
0.000190476
0.000132176
0.000171776
4.42764e-05
5.63764e-05
-8.91236e-05
0.000140276
0.000127176
0.000226676
0.000207776
0.000119176
2.18764e-05
-4.47236e-05
3.37643e-06
-2.25236e-05
-0.000117624
9.55764e-05
0.000151176
0.000161276
2.89764e-05
3.58764e-05
7.52764e-05
-0.000165624
8.79764e-05
6.50764e-05
4.46764e-05
0.000264076
0.000196676
4.22764e-05
-0.000140124
0.000204476
8.56764e-05
-6.53236e-05
3.71764e-05
5.47643e-06
-3.26236e-05
-9.40236e-05
-0.000127024
-0.000127724
-1.94236e-05
-2.72236e-05
8.24764e-05
7.24764e-05
0.000146576
0.000228976
0.000208176
7.30764e-05
8.37643e-06
-3.27236e-05
-0.000265724
-0.000212824
-0.000136724
-5.09236e-05
-5.18236e-05
-0.000237824
2.39764e-05
3.81764e-05
5.44764e-05
0.000169376
4.92764e-05
9.50764e-05
1.54764e-05
0.000195776
2.59764e-05
-1.59236e-05
-6.00236e-05
-0.000302324
-0.000208324
6.68764e-05
0.000122676
2.64764e-05
-0.000137124
-2.63236e-05
-2.31236e-05
5.27764e-05
0.000142376
4.44764e-05
9.79764e-05
0.000113776
-1.64236e-05
6.00764e-05
-2.62236e-05
-0.000113024
-0.000280924
-0.000224824
-5.69236e-05
6.90764e-05
2.88764e-05
-3.08236e-05
-9.67236e-05
0.000113976
-2.45236e-05
-7.42357e-06
0.000111976
7.55764e-05
-5.26236e-05
7.07643e-06
-5.30236e-05
-9.12357e-06
6.46764e-05
-0.000105124
-0.000101324
-4.16236e-05
-0.000108824
-0.000143224
-8.80236e-05
-0.000106324
6.03764e-05
1.96764e-05
4.76764e-05
6.40764e-05
0.000172776
-1.16236e-05
-1.70236e-05
-5.29236e-05
3.36764e-05
-0.000136524
-7.95236e-05
-0.000136924
-0.000142124
-0.000198024
-0.000147524
-0.000140424
-2.68236e-05
-0.000151024
0.000189076
8.02764e-05
8.81764e-05
0.000117276
-2.93236e-05
2.28764e-05
-2.56236e-05
7.53764e-05
-0.000133324
-9.46236e-05
-3.87236e-05
-0.000191624
-0.000174524
-7.96236e-05
-5.47236e-05
6.79764e-05
-0.000108524
-1.2357e-07
9.84764e-05
9.59764e-05
5.00764e-05
4.05764e-05
5.16764e-05
2.20764e-05
-0.000125724
-0.000254124
-1.14236e-05
-3.06236e-05
-6.69236e-05
-0.000168924
-0.000101524
-3.50236e-05
9.52764e-05
9.52764e-05
5.14764e-05
7.46764e-05
1.21764e-05
0.000110176
0.000155776
-4.21236e-05
-0.000181924
-0.000188624
-0.000346724
-0.000208624
-9.28236e-05
-2.21236e-05
4.80764e-05
-4.30236e-05
-3.41236e-05
0.000259876
0.000220576
0.000186476
0.000125976
4.46764e-05
0.000245176
0.000152076
0.000177676
-8.12357e-06
-5.35236e-05
4.17643e-06
-0.000138024
-0.000145524
-5.20236e-05
0.000185676
6.79764e-05
0.000193876
0.000117376
2.54764e-05
8.16764e-05
0.000165276
0.000339276
0.000291076
5.06764e-05
-7.02357e-06
6.94764e-05
-0.000153124
-0.000180924
-1.12236e-05
4.37643e-06
9.62764e-05
0.000257976
3.28764e-05
1.47764e-05
3.19764e-05
-8.41236e-05
6.10764e-05
0.000306976
0.000318376
0.000188176
0.000198476
0.000200776
0.000204776
7.39764e-05
-6.85236e-05
2.61764e-05
-7.37236e-05
-3.94236e-05
5.13764e-05
5.47764e-05
2.18764e-05
-3.84236e-05
5.12764e-05
0.000194576
0.000179676
0.000143676
0.000195576
0.000119876
0.000257376
0.000224376
-9.43236e-05
-1.52236e-05
5.44764e-05
-1.61236e-05
-2.22357e-06
5.13764e-05
-1.15236e-05
-1.58236e-05
-1.32357e-06
3.57764e-05
-5.83236e-05
1.10764e-05
9.84764e-05
7.59764e-05
0.000172476
0.000101776
4.08764e-05
7.87764e-05
1.66764e-05
0.000105276
-7.13236e-05
6.11764e-05
4.96764e-05
-9.46236e-05
-1.23236e-05
-0.000118224
-5.16236e-05
-1.82236e-05
-5.37236e-05
-6.36236e-05
0.000107576
0.000162076
0.000205776
0.000172976
9.34764e-05
-2.71236e-05
5.17643e-06
-5.68236e-05
1.21764e-05
2.76764e-05
-0.000229624
-0.000177324
-4.58236e-05
5.24764e-05
0.000298376
0.000174676
7.24764e-05
0.000196376
-2.67236e-05
-5.62236e-05
0.000154976
8.76764e-05
4.71764e-05
0.000169376
0.000177476
0.000124576
0.000238876
0.000161176
0.000110776
-3.70236e-05
2.63764e-05
9.11764e-05
0.000119876
0.000203976
-1.58236e-05
5.91764e-05
0.000137376
3.62764e-05
-6.82357e-06
0.000116776
0.000220176
6.66764e-05
0.000117976
3.99764e-05
-5.32236e-05
4.87643e-06
-2.23236e-05
-0.000182724
4.04764e-05
5.14764e-05
7.27764e-05
0.000124176
4.31764e-05
0.000124276
-0.000100924
-5.59236e-05
3.97643e-06
-4.84236e-05
3.80764e-05
6.54764e-05
2.36764e-05
-2.71236e-05
0.000100176
9.97764e-05
0.000112376
0.000102276
2.48764e-05
0.000141076
-1.73236e-05
4.62764e-05
-6.76236e-05
2.58764e-05
-0.000108724
-0.000147524
-0.000232924
-1.84236e-05
1.54764e-05
3.98764e-05
-0.000125024
-0.000144424
2.7643e-07
7.04764e-05
0.000189976
2.57643e-06
0.000145876
-6.53236e-05
-8.22236e-05
-6.44236e-05
-0.000110224
-8.89236e-05
-0.000175324
-7.99236e-05
-0.000164924
-6.52357e-06
9.54764e-05
2.38764e-05
-8.59236e-05
5.96764e-05
-5.88236e-05
9.60764e-05
4.05764e-05
4.72764e-05
-2.22357e-06
0.000113276
-6.10236e-05
5.14764e-05
-0.000103924
-0.000137424
-0.000102924
-6.80236e-05
-4.27236e-05
-4.84236e-05
-2.61236e-05
-5.16236e-05
-0.000124124
4.57643e-06
8.22764e-05
2.06764e-05
9.87764e-05
0.000135276
6.40764e-05
-8.90236e-05
-6.44236e-05
-0.000128524
-8.54236e-05
-0.000136324
-0.000270424
-5.61236e-05
-3.54236e-05
-0.000213124
-0.000184224
-0.000150424
6.30764e-05
2.18764e-05
-4.64236e-05
-0.000164724
0.000188476
-1.04236e-05
-1.02236e-05
2.81764e-05
-9.73236e-05
-6.95236e-05
-6.68236e-05
-5.50236e-05
-0.000118124
-0.000236824
-0.000166424
-2.99236e-05
-0.000161624
-8.24236e-05
0.000135476
0.000101976
1.37643e-06
0.000191976
1.43764e-05
1.87764e-05
-0.000145324
-9.54236e-05
5.90764e-05
-9.77236e-05
-0.000100424
-0.000109124
-0.000312024
-3.16236e-05
0.000101276
5.81764e-05
-2.81236e-05
6.50764e-05
0.000190876
4.37643e-06
0.000146676
0.000170976
1.97643e-06
-5.28236e-05
-6.91236e-05
-6.82357e-06
5.70764e-05
4.92764e-05
0.000143876
3.97643e-06
-6.21236e-05
4.43764e-05
7.88764e-05
2.43764e-05
3.67643e-06
0.000154876
0.000167876
0.000306976
0.000211176
2.68764e-05
3.68764e-05
-1.84236e-05
-6.08236e-05
-0.000111824
-0.000108124
-6.90236e-05
-9.26236e-05
9.45764e-05
8.72764e-05
0.000194576
-4.79236e-05
4.03764e-05
0.000168276
0.000170276
8.10764e-05
-2.72357e-06
2.83764e-05
2.90764e-05
-8.90236e-05
-3.79236e-05
-0.000171024
-0.000133024
-0.000107324
-6.43236e-05
1.59764e-05
0.000100776
0.000214776
6.87643e-06
-1.22236e-05
0.000158976
0.000117276
0.000268176
0.000113776
0.000112176
5.62764e-05
-0.000150324
-7.75236e-05
-4.52357e-06
2.67764e-05
-2.94236e-05
0.000110076
-7.35236e-05
0.000146476
0.000224276
-6.97236e-05
4.64764e-05
0.000117376
0.000176376
0.000333776
0.000251776
0.000224276
0.000142176
1.69764e-05
-0.000125224
1.31764e-05
-0.000114224
-8.92236e-05
6.82764e-05
-4.76236e-05
-0.000147924
1.45764e-05
6.72764e-05
0.000166176
0.000237176
0.000293876
0.000177676
0.000223176
0.000159576
0.000184176
7.21764e-05
0.000126576
4.24764e-05
2.57764e-05
-7.56236e-05
1.66764e-05
-0.000101524
-0.000184624
-0.000188524
0.000203476
6.92764e-05
-3.08236e-05
0.000106776
0.000184076
0.000149976
6.78764e-05
9.41764e-05
0.000186376
-6.2357e-07
0.000177476
-7.27236e-05
1.76764e-05
5.03764e-05
1.07764e-05
-2.67236e-05
-4.23236e-05
3.07764e-05
-2.26236e-05
0.000129776
9.08764e-05
2.57764e-05
0.000164576
0.000154676
7.74764e-05
0.000172476
0.000249476
0.000202676
0.000221676
0.000187176
3.49764e-05
5.57643e-06
-8.25236e-05
-3.28236e-05
-8.25236e-05
0.000258976
0.000119176
0.000189976
0.000135276
-1.09236e-05
8.67643e-06
7.10764e-05
-1.13236e-05
0.000141576
0.000190076
0.000139276
0.000187776
-1.2357e-07
-8.11236e-05
-2.21236e-05
-8.60236e-05
4.04764e-05
0.000153876
-1.41236e-05
6.57764e-05
0.000139276
2.82764e-05
4.94764e-05
6.79764e-05
0.000261776
0.000221076
0.000115376
0.000193576
9.52764e-05
-6.34236e-05
3.07643e-06
-2.80236e-05
0.000117576
7.50764e-05
0.000222676
-8.42357e-06
1.16764e-05
3.01764e-05
0.000120776
6.27764e-05
6.87764e-05
0.000119176
7.64764e-05
0.000128476
0.000186776
0.000115476
-5.88236e-05
-9.92357e-06
-7.49236e-05
3.04764e-05
3.80764e-05
4.66764e-05
0.000146476
7.37764e-05
-0.000222124
-6.67236e-05
-0.000137924
-5.33236e-05
-3.99236e-05
4.97643e-06
2.72764e-05
7.32764e-05
0.000120176
-0.000110324
-0.000186124
-0.000109224
7.06764e-05
5.04764e-05
0.000105576
2.57764e-05
4.27764e-05
-5.91236e-05
-3.84236e-05
1.27643e-06
-2.38236e-05
-0.000105424
-0.000200524
6.67643e-06
-0.000132724
-0.000128124
2.42764e-05
8.23764e-05
6.46764e-05
-3.17236e-05
5.64764e-05
1.27643e-06
7.20764e-05
-5.64236e-05
-5.12236e-05
2.92764e-05
4.38764e-05
8.52764e-05
-0.000102924
-0.000159024
-9.40236e-05
-6.71236e-05
-0.000164224
1.07764e-05
-3.33236e-05
-0.000102624
-4.30236e-05
0.000181076
2.92764e-05
0.000190476
8.37643e-06
6.27764e-05
7.75764e-05
0.000104076
-4.47236e-05
-0.000171524
-8.04236e-05
-7.20236e-05
-4.45236e-05
6.96764e-05
-0.000104524
-0.000139824
-0.000186924
-1.12357e-06
9.86764e-05
1.04764e-05
7.65764e-05
8.79764e-05
9.47764e-05
0.000166876
-5.39236e-05
-0.000283624
-0.000178524
-1.71236e-05
0.000152776
8.07643e-06
0.000117276
-9.89236e-05
4.60764e-05
5.08764e-05
0.000105576
-4.07236e-05
-0.000119724
4.97643e-06
-2.15236e-05
6.47764e-05
-2.13236e-05
-8.93236e-05
-0.000150524
-7.82236e-05
0.000105576
-0.000136824
-0.000241124
-3.63236e-05
1.38764e-05
7.23764e-05
5.01764e-05
0.000103876
2.90764e-05
1.58764e-05
-0.000170324
-9.80236e-05
-1.11236e-05
-4.81236e-05
6.19764e-05
-1.56236e-05
9.46764e-05
-4.14236e-05
-0.000104624
-9.54236e-05
-7.32236e-05
2.46764e-05
-3.37236e-05
-2.63236e-05
0.000260776
9.26764e-05
8.85764e-05
8.65764e-05
0.000140376
0.000129776
0.000202776
7.94764e-05
9.29764e-05
-6.20236e-05
-0.000181124
-5.49236e-05
3.31764e-05
-4.54236e-05
4.02764e-05
-6.18236e-05
-2.22357e-06
7.11764e-05
0.000115676
0.000239276
0.000152176
0.000155476
8.12764e-05
-4.32236e-05
-6.87236e-05
1.01764e-05
-9.91236e-05
-0.000159924
2.95764e-05
-6.2357e-07
-3.31236e-05
1.81764e-05
0.000230376
0.000153476
0.000215776
9.53764e-05
0.000175876
0.000122276
0.000181976
0.000198976
-2.38236e-05
-8.29236e-05
-3.87236e-05
-2.12357e-06
-9.12357e-06
5.66764e-05
-4.47236e-05
1.90764e-05
0.000100476
0.000179976
0.000136676
0.000233976
0.000217776
0.000171476
0.000127576
-2.35702e-08
0.000176476
9.01764e-05
0.000133576
-8.62357e-06
-6.78236e-05
-5.22236e-05
0.000127176
-3.2357e-07
-4.04236e-05
-2.41236e-05
0.000162876
0.000135276
5.08764e-05
5.54764e-05
0.000133276
0.000186976
0.000168776
0.000187776
0.000143176
0.000151776
0.000316176
0.000206676
-1.51236e-05
0.000110376
-4.52357e-06
8.75764e-05
9.15764e-05
-3.61236e-05
-6.37236e-05
-2.13236e-05
6.25764e-05
7.76764e-05
-1.74236e-05
5.49764e-05
0.000271376
0.000140676
0.000159276
0.000204476
0.000177876
1.30764e-05
3.14764e-05
2.39764e-05
-8.30236e-05
-4.02357e-06
-3.51236e-05
1.87764e-05
-1.00236e-05
6.09764e-05
5.14764e-05
8.09764e-05
1.55764e-05
9.58764e-05
1.75764e-05
3.11764e-05
3.73764e-05
6.08764e-05
5.72764e-05
6.81764e-05
-6.93236e-05
-4.35236e-05
-3.82236e-05
-5.28236e-05
7.00764e-05
0.000182676
4.76764e-05
0.000108176
0.000181176
0.000185876
0.000131376
0.000156076
2.05764e-05
-3.81236e-05
0.000198176
7.53764e-05
0.000193376
0.000151476
0.000116076
-3.35236e-05
-3.74236e-05
-0.000141924
-1.50236e-05
8.26764e-05
8.71764e-05
-4.39236e-05
-6.12357e-06
0.000106976
2.30764e-05
5.32764e-05
3.20764e-05
0.000240776
0.000209476
0.000146376
0.000185276
6.33764e-05
-4.93236e-05
-0.000102224
0.000135876
7.16764e-05
0.000208276
0.000107976
-6.10236e-05
-5.42236e-05
3.32764e-05
0.000101476
0.000127776
0.000114776
-6.52357e-06
5.35764e-05
0.000318476
0.000196176
5.95764e-05
-8.79236e-05
-2.84236e-05
-5.45236e-05
8.00764e-05
0.000146576
0.000182176
5.36764e-05
-0.000109224
0.000170276
-1.15236e-05
-1.43236e-05
-1.86236e-05
9.77643e-06
-1.32236e-05
1.44764e-05
0.000132776
0.000159376
7.67643e-06
-8.21236e-05
-6.42236e-05
8.10764e-05
0.000234976
0.000149776
4.38764e-05
-2.12357e-06
-1.30236e-05
-3.92357e-06
-5.79236e-05
-2.23236e-05
3.31764e-05
-0.000118924
-7.95236e-05
-3.96236e-05
-2.84236e-05
5.39764e-05
-9.41236e-05
1.27764e-05
2.34764e-05
0.000124476
0.000159276
0.000146376
0.000170876
-4.45236e-05
-0.000154224
-2.62236e-05
-3.21236e-05
-5.20236e-05
-0.000102224
-8.02236e-05
-8.52357e-06
0.000123376
7.24764e-05
-5.76236e-05
-9.59236e-05
0.000193376
0.000263776
0.000134376
0.000175376
0.000165976
7.57643e-06
3.09764e-05
-0.000140224
4.31764e-05
-0.000119224
4.17643e-06
-1.73236e-05
8.78764e-05
-3.32236e-05
0.000103276
-0.000196324
-1.18236e-05
0.000137576
9.51764e-05
0.000172276
0.000162876
3.89764e-05
9.78764e-05
-4.22236e-05
-5.93236e-05
-0.000149624
-0.000351924
-9.13236e-05
5.62764e-05
7.06764e-05
0.000148976
0.000109776
7.27643e-06
-0.000109324
6.59764e-05
1.66764e-05
0.000147276
0.000119676
2.30764e-05
9.88764e-05
-6.51236e-05
-5.89236e-05
-0.000125024
-0.000112424
-1.71236e-05
2.14764e-05
1.32764e-05
1.26764e-05
0.000120876
0.000110876
-4.25236e-05
0.000202276
0.000164876
0.000122776
5.36764e-05
-3.20236e-05
-8.21236e-05
2.35764e-05
-6.32357e-06
0.000103276
2.87764e-05
-8.13236e-05
-7.22357e-06
8.07764e-05
-4.97236e-05
-6.80236e-05
-2.72357e-06
-2.11236e-05
0.000192876
0.000167676
0.000110776
-7.92357e-06
-0.000121024
-3.10236e-05
4.87764e-05
-8.48236e-05
7.53764e-05
-2.17236e-05
-0.000170624
-4.22357e-06
0.000121176
-0.000147524
6.79764e-05
-1.46236e-05
-7.92357e-06
6.51764e-05
3.86764e-05
0.000213476
0.000101676
-2.02357e-06
2.85764e-05
-7.84236e-05
-2.49236e-05
-6.32357e-06
-8.92236e-05
-4.88236e-05
4.53764e-05
6.50764e-05
-8.52357e-06
3.57764e-05
9.34764e-05
9.69764e-05
0.000282876
0.000176576
0.000115776
0.000284476
0.000125776
-2.27236e-05
-3.71236e-05
-5.33236e-05
-0.000110224
-0.000139024
-2.30236e-05
7.57643e-06
6.63764e-05
-3.76236e-05
0.000201876
0.000121676
0.000198476
0.000277676
0.000274876
0.000172776
0.000157576
0.000189676
0.000136476
0.000107476
5.30764e-05
8.32764e-05
2.97643e-06
2.60764e-05
0.000114176
0.000230776
0.000212376
0.000156876
0.000191276
0.000167076
0.000222476
7.16764e-05
0.000122376
0.000104476
0.000184976
0.000128276
4.97764e-05
5.33764e-05
0.000134276
-4.67236e-05
-2.94236e-05
6.57764e-05
0.000206876
7.88764e-05
-2.99236e-05
0.000100376
0.000106776
0.000204776
5.53764e-05
1.24764e-05
-6.40236e-05
0.000131076
4.34764e-05
2.32764e-05
0.000148376
0.000271176
8.73764e-05
6.63764e-05
9.77643e-06
0.000120776
-6.35236e-05
0.000117276
0.000126876
0.000124576
0.000112076
9.68764e-05
7.97643e-06
-0.000211524
-0.000118124
-0.000174124
-0.000161624
1.21764e-05
0.000112876
-3.56236e-05
0.000137476
-1.31236e-05
-0.000176524
-9.36236e-05
-4.95236e-05
0.000140476
0.000232376
0.000269276
2.69764e-05
0.000218676
0.000223276
0.000157776
8.54764e-05
6.99764e-05
0.000135276
7.07764e-05
6.20764e-05
0.000158276
0.000147876
0.000170376
0.000161676
-4.02357e-06
-5.82236e-05
-0.000103224
-2.16236e-05
9.35764e-05
0.000124676
-1.82357e-06
5.7643e-07
2.41764e-05
0.000119376
0.000309276
0.000172676
0.000184676
0.000320376
4.48764e-05
0.000180876
9.37764e-05
-0.000144524
-0.000194724
-3.92357e-06
7.06764e-05
9.13764e-05
-5.65236e-05
-0.000167824
-3.73236e-05
-6.44236e-05
-3.73236e-05
0.000211776
9.70764e-05
0.000140676
0.000166976
1.37764e-05
0.000107276
3.92764e-05
3.42764e-05
-9.22357e-06
8.59764e-05
0.000123176
0.000198276
6.67643e-06
-4.58236e-05
-0.000103124
-0.000133224
7.22764e-05
6.73764e-05
-2.18236e-05
-7.15236e-05
9.64764e-05
3.92764e-05
0.000223276
0.000226976
0.000113376
-6.52357e-06
2.56764e-05
8.50764e-05
0.000146576
0.000100176
5.00764e-05
-1.43236e-05
1.06764e-05
2.38764e-05
-4.57236e-05
-2.66236e-05
-4.41236e-05
-5.13236e-05
0.000115576
0.000184676
8.66764e-05
0.000251276
3.53764e-05
4.52764e-05
0.000145676
0.000130076
-1.92357e-06
-6.16236e-05
8.51764e-05
-4.42357e-06
-3.12236e-05
-0.000120724
-5.23236e-05
-0.000110724
-0.000133324
-4.82236e-05
5.19764e-05
0.000150476
0.000112876
7.41764e-05
-1.95236e-05
1.74764e-05
9.24764e-05
0.000108276
0.000183176
0.000170876
5.44764e-05
-9.61236e-05
-0.000182824
-0.000155924
-0.000209024
-4.84236e-05
-5.41236e-05
0.000116876
0.000106576
0.000132676
1.62764e-05
2.60764e-05
9.15764e-05
-7.07236e-05
4.28764e-05
-1.62236e-05
0.000166976
7.87764e-05
-9.06236e-05
-0.000103424
-0.000108824
-0.000161524
-0.000242624
-2.29236e-05
6.72764e-05
0.000131176
0.000246076
6.67764e-05
5.12764e-05
9.17643e-06
0.000100676
4.08764e-05
4.27764e-05
3.01764e-05
2.28764e-05
3.02764e-05
-6.37236e-05
-0.000114924
-0.000171624
-4.86236e-05
4.81764e-05
0.000245476
0.000145576
0.000138676
5.23764e-05
4.84764e-05
0.000199576
6.93764e-05
-4.85236e-05
5.79764e-05
4.53764e-05
3.44764e-05
-4.32236e-05
-1.79236e-05
0.000153676
1.67764e-05
-2.39236e-05
9.64764e-05
0.000145476
0.000144676
-9.83236e-05
7.77643e-06
4.7643e-07
6.51764e-05
0.000149076
-6.73236e-05
-7.03236e-05
-0.000201024
-0.000119924
1.50764e-05
-9.39236e-05
-6.56236e-05
-8.74236e-05
-1.32236e-05
-7.83236e-05
3.7643e-07
7.78764e-05
-5.40236e-05
-3.12357e-06
-0.000101224
9.27643e-06
2.47643e-06
9.70764e-05
-0.000113224
-0.000174724
-6.78236e-05
-3.22357e-06
-0.000110824
-0.000108624
-7.67236e-05
-1.52357e-06
0.000120776
0.000196476
0.000110576
3.92764e-05
0.000141776
-5.35236e-05
3.47764e-05
9.26764e-05
0.000172676
3.97643e-06
7.55764e-05
-0.000121424
5.99764e-05
-8.81236e-05
4.86764e-05
-2.33236e-05
-4.32357e-06
4.04764e-05
2.53764e-05
0.000101476
0.000265176
0.000193176
0.000212576
4.89764e-05
0.000129076
3.66764e-05
1.80764e-05
0.000162276
8.80764e-05
0.000108276
-4.67236e-05
-1.52357e-06
5.20764e-05
5.00764e-05
6.36764e-05
0.000127976
6.74764e-05
0.000205376
0.000183176
0.000196876
0.000386176
8.72764e-05
0.000107476
0.000133176
0.000111676
3.92764e-05
0.000113876
5.22764e-05
3.42764e-05
0.000156576
6.51764e-05
0.000126276
2.55764e-05
7.75764e-05
0.000163576
0.000142076
0.000115876
0.000206276
0.000219076
-4.15236e-05
3.34764e-05
3.39764e-05
2.31764e-05
1.17764e-05
-1.51236e-05
3.01764e-05
0.000130576
3.33764e-05
7.88764e-05
-0.000135624
8.77764e-05
3.32764e-05
0.000211276
6.50764e-05
0.000235476
0.000188376
-0.000130424
-5.06236e-05
-0.000203824
-0.000128424
-9.07236e-05
-7.52236e-05
8.53764e-05
-7.12357e-06
7.88764e-05
3.67764e-05
-0.000217224
-7.11236e-05
-4.16236e-05
6.30764e-05
8.34764e-05
2.37764e-05
0.000123176
-3.22357e-06
4.67764e-05
-6.62357e-06
4.31764e-05
0.000137876
0.000216176
0.000111976
0.000102076
9.33764e-05
0.000227276
0.000395676
0.000282276
8.67643e-06
-4.24236e-05
-0.000109924
-3.84236e-05
1.68764e-05
-7.80236e-05
-5.54236e-05
1.97643e-06
8.87643e-06
0.000103276
4.27764e-05
0.000148576
0.000168276
8.54764e-05
0.000244376
0.000220076
8.83764e-05
6.38764e-05
7.79764e-05
-9.89236e-05
-6.44236e-05
0.000110276
-0.000201224
-9.85236e-05
5.01764e-05
-0.000104124
-5.32357e-06
0.000169276
8.31764e-05
0.000198076
6.89764e-05
0.000161376
0.000266876
9.49764e-05
5.39764e-05
9.13764e-05
-6.72357e-06
6.95764e-05
8.64764e-05
-6.54236e-05
3.88764e-05
-0.000115324
-1.29236e-05
-0.000144724
0.000122376
4.69764e-05
-3.57236e-05
0.000109976
0.000118576
0.000161676
0.000287176
-4.93236e-05
-2.52357e-06
-9.52357e-06
-9.03236e-05
-0.000117624
-9.15236e-05
6.99764e-05
-2.58236e-05
5.47764e-05
0.000111176
0.000118776
9.11764e-05
3.15764e-05
2.17643e-06
0.000179076
0.000127076
6.37764e-05
9.74764e-05
1.47643e-06
-4.03236e-05
2.16764e-05
-6.75236e-05
-4.48236e-05
3.63764e-05
5.76764e-05
-6.97236e-05
-0.000125924
-3.79236e-05
4.72764e-05
1.63764e-05
3.24764e-05
7.37764e-05
0.000108176
0.000166076
0.000164676
0.000248376
-9.59236e-05
-2.90236e-05
-8.75236e-05
2.75764e-05
0.000126076
0.000152076
-3.01236e-05
-1.16236e-05
-8.20236e-05
-6.97236e-05
-0.000150924
-0.000214624
-0.000142924
2.64764e-05
0.000173176
0.000312476
0.000146976
-9.76236e-05
-0.000142224
-0.000246724
2.72764e-05
0.000116476
5.94764e-05
0.000146776
9.16764e-05
-0.000107624
-0.000190524
-0.000207124
-8.21236e-05
-2.88236e-05
0.000196176
0.000141376
0.000196076
7.15764e-05
-3.52236e-05
-6.75236e-05
6.61764e-05
-0.000184324
1.02764e-05
-1.18236e-05
-4.78236e-05
-4.84236e-05
-3.92357e-06
-0.000132324
-0.000172224
-2.58236e-05
1.56764e-05
0.000292376
0.000205576
0.000168076
-6.94236e-05
-4.83236e-05
-1.03236e-05
-3.20236e-05
-2.41236e-05
-0.000174524
-0.000216824
-6.45236e-05
-4.62357e-06
4.96764e-05
-6.32357e-06
0.000121376
-4.51236e-05
4.56764e-05
0.000255976
0.000232676
0.000117176
-0.000105724
-9.09236e-05
3.68764e-05
1.54764e-05
-0.000203424
-0.000258524
-0.000241624
-0.000166024
-3.63236e-05
-2.42357e-06
-7.21236e-05
1.22764e-05
-3.83236e-05
4.42764e-05
1.83764e-05
7.55764e-05
7.26764e-05
2.22764e-05
5.03764e-05
2.77764e-05
7.67643e-06
0.000101676
-0.000116124
-0.000183124
-0.000294624
0.000117276
-7.12357e-06
-1.57236e-05
1.67643e-06
0.000110676
9.07643e-06
0.000137676
0.000175776
-4.62357e-06
8.28764e-05
6.43764e-05
1.73764e-05
0.000111476
0.000108876
-4.11236e-05
-0.000180624
-9.45236e-05
-0.000154224
4.23764e-05
9.19764e-05
0.000169276
0.000134376
7.52764e-05
8.47643e-06
4.88764e-05
8.22764e-05
-4.61236e-05
4.29764e-05
0.000148576
0.000307276
5.52764e-05
-6.80236e-05
-2.38236e-05
-0.000172024
-0.000161024
0.000117876
2.77643e-06
0.000103176
4.67643e-06
3.96764e-05
0.000165876
5.93764e-05
0.000211976
7.05764e-05
0.000117276
0.000174276
0.000168076
4.41764e-05
-7.48236e-05
0.000129176
8.87643e-06
6.58764e-05
6.33764e-05
6.43764e-05
0.000109276
0.000113776
0.000101276
-4.02357e-06
7.62764e-05
0.000175776
0.000162876
0.000217876
0.000205876
6.63764e-05
3.62764e-05
0.000121776
0.000111176
0.000118176
0.000122576
0.000105576
2.26764e-05
4.67764e-05
-1.92236e-05
-1.72236e-05
-5.22236e-05
-0.000123724
0.000117976
7.71764e-05
0.000134476
8.17643e-06
0.000130276
0.000170076
8.46764e-05
1.47764e-05
5.00764e-05
-0.000107424
-5.36236e-05
-0.000186124
-2.35702e-08
0.000174176
-6.62236e-05
-1.39236e-05
-6.28236e-05
0.000163276
-4.42236e-05
2.57764e-05
-8.32357e-06
4.66764e-05
-1.2357e-07
0.000151076
-1.04236e-05
3.61764e-05
0.000163076
7.52764e-05
-7.77236e-05
1.08764e-05
2.06764e-05
0.000206276
0.000204476
8.47764e-05
5.99764e-05
6.71764e-05
-2.82236e-05
0.000117376
0.000156976
-0.000155624
-2.82236e-05
5.50764e-05
8.18764e-05
0.000161076
0.000130676
2.70764e-05
2.13764e-05
9.83764e-05
0.000138176
0.000109076
2.10764e-05
0.000156576
0.000202176
-8.88236e-05
5.48764e-05
0.000162676
-8.52236e-05
-0.000111924
-3.70236e-05
5.23764e-05
6.29764e-05
-1.23236e-05
-2.79236e-05
3.16764e-05
0.000163776
6.64764e-05
0.000150976
0.000231476
0.000180376
7.44764e-05
-2.46236e-05
-1.44236e-05
7.07764e-05
-9.72236e-05
-9.57236e-05
-8.61236e-05
-1.47236e-05
9.64764e-05
-0.000102424
-2.07236e-05
0.000130276
0.000179376
3.54764e-05
7.42764e-05
0.000225876
9.89764e-05
2.16764e-05
-6.17236e-05
-0.000148924
-2.90236e-05
-0.000134124
-2.82236e-05
0.000111676
0.000129076
0.000128076
-0.000127024
-4.42357e-06
2.69764e-05
0.000218976
0.000206576
0.000254776
0.000311576
0.000117376
-9.52236e-05
-0.000154724
-0.000128224
-0.000125524
-2.44236e-05
0.000111176
0.000111676
0.000166676
0.000102776
-4.48236e-05
0.000174976
9.97643e-06
0.000196176
0.000125076
0.000268676
0.000281876
9.87643e-06
0.000113276
-1.01236e-05
-0.000216124
-3.98236e-05
-4.36236e-05
6.64764e-05
7.61764e-05
-6.92357e-06
-4.59236e-05
-6.12236e-05
0.000173676
5.51764e-05
0.000103076
0.000165276
0.000121576
9.15764e-05
0.000143076
0.000139376
7.07764e-05
-5.02236e-05
-0.000132424
-0.000181224
-1.38236e-05
6.57764e-05
8.95764e-05
-5.16236e-05
-3.88236e-05
3.35764e-05
-0.000213824
-0.000103524
9.67643e-06
0.000157476
0.000120476
0.000124676
0.000102376
6.37643e-06
1.93764e-05
-5.53236e-05
-0.000120124
-0.000191424
-0.000133324
-0.000224724
-0.000152524
-1.75236e-05
3.65764e-05
-0.000153324
-0.000143124
7.09764e-05
8.92764e-05
0.000223376
0.000219676
-8.87236e-05
-6.91236e-05
-3.27236e-05
-6.94236e-05
-0.000188624
-0.000211424
-0.000248824
-0.000257524
-0.000222224
-8.59236e-05
-7.78236e-05
-4.35236e-05
6.23764e-05
6.74764e-05
8.16764e-05
0.000328876
6.87764e-05
6.84764e-05
-3.28236e-05
3.17764e-05
1.92764e-05
-7.64236e-05
-0.000164824
-0.000173524
-7.29236e-05
-7.37236e-05
2.91764e-05
0.000180076
0.000178176
3.66764e-05
-1.15236e-05
-3.28236e-05
0.000146376
7.21764e-05
7.41764e-05
-3.37236e-05
-7.02357e-06
9.93764e-05
-0.000103224
-9.68236e-05
-0.000119724
-0.000197824
3.90764e-05
-3.60236e-05
9.72764e-05
0.000122676
0.000175876
0.000180376
0.000171676
0.000110376
5.13764e-05
-5.38236e-05
-3.12236e-05
9.53764e-05
0.000135876
1.36764e-05
-0.000155524
-2.55236e-05
-0.000229024
-0.000147124
3.84764e-05
6.37643e-06
-1.34236e-05
0.000182576
0.000133376
0.000239776
0.000141776
-1.24236e-05
-0.000188724
-7.40236e-05
3.61764e-05
0.000166976
0.000103976
-3.04236e-05
-8.56236e-05
-7.03236e-05
-2.00236e-05
-4.22236e-05
-7.19236e-05
7.36764e-05
3.63764e-05
0.000147176
0.000210976
0.000141576
0.000110676
-7.29236e-05
-3.76236e-05
0.000139376
0.000219876
-4.29236e-05
-7.19236e-05
-4.62357e-06
2.01764e-05
4.56764e-05
7.52764e-05
-9.69236e-05
4.67643e-06
6.57643e-06
3.75764e-05
-5.02357e-06
-0.000109924
-1.65236e-05
0.000214576
2.69764e-05
0.000103976
-6.52236e-05
-3.36236e-05
9.05764e-05
5.36764e-05
-7.12357e-06
8.68764e-05
0.000115076
-1.54236e-05
-4.80236e-05
-4.26236e-05
-0.000164924
-0.000136724
-0.000121024
0.000113776
0.000177976
0.000138076
-4.81236e-05
-7.55236e-05
0.000139276
7.01764e-05
-7.16236e-05
-6.76236e-05
-0.000143524
-9.81236e-05
2.37643e-06
3.13764e-05
0.000116376
-7.12236e-05
2.45764e-05
6.45764e-05
0.000107876
-7.2357e-07
4.87764e-05
-8.98236e-05
-9.15236e-05
0.000106476
2.97764e-05
0.000112976
8.40764e-05
5.06764e-05
0.000104576
0.000110276
0.000115476
4.97764e-05
0.000175876
5.12764e-05
-5.2357e-07
-1.46236e-05
3.32764e-05
-1.82357e-06
-5.05236e-05
0.000118676
-9.82236e-05
-4.22236e-05
1.52764e-05
0.000122376
0.000136676
-3.82357e-06
6.52764e-05
4.90764e-05
6.87643e-06
-2.31236e-05
-3.82236e-05
-6.42357e-06
3.67764e-05
-1.24236e-05
0.000149476
0.000120576
0.000204976
7.78764e-05
-7.69236e-05
-7.12357e-06
-4.80236e-05
0.000158076
0.000182176
-7.28236e-05
-8.45236e-05
1.04764e-05
-0.000154624
-2.93236e-05
-1.42357e-06
-3.07236e-05
5.47764e-05
-2.33236e-05
0.000110476
0.000202476
-0.000105324
-5.81236e-05
-5.96236e-05
6.84764e-05
-9.22357e-06
4.03764e-05
-0.000113024
-3.32357e-06
3.87764e-05
-2.74236e-05
8.92764e-05
0.000101576
0.000101076
9.36764e-05
6.73764e-05
3.17764e-05
0.000175576
-8.62236e-05
-2.14236e-05
0.000115876
7.06764e-05
-1.65236e-05
4.61764e-05
-0.000200724
0.000148676
0.000117676
0.000122776
9.17764e-05
8.46764e-05
6.76764e-05
3.67643e-06
7.03764e-05
3.28764e-05
0.000135676
-0.000101024
0.000145876
8.06764e-05
5.10764e-05
9.77764e-05
-0.000145124
-9.19236e-05
5.97643e-06
5.80764e-05
-6.54236e-05
0.000151076
3.67764e-05
0.000160976
0.000256576
2.46764e-05
0.000111776
7.39764e-05
-0.000113624
-2.86236e-05
-0.000145624
-0.000111424
-0.000124424
-5.76236e-05
-4.77236e-05
-3.62236e-05
-7.49236e-05
3.50764e-05
0.000187476
4.13764e-05
0.000185876
0.000264176
-2.72357e-06
1.14764e-05
-4.62357e-06
-0.000244224
-0.000127024
-0.000107724
-0.000169324
-0.000198424
-0.000144224
-0.000105224
-0.000219324
3.62764e-05
-9.00236e-05
-2.67236e-05
-8.02357e-06
3.90764e-05
0.000268476
-1.97236e-05
-4.02357e-06
-2.51236e-05
-0.000214124
-0.000163124
-5.88236e-05
-0.000159424
-0.000210424
-0.000144224
-0.000122724
-8.85236e-05
-5.74236e-05
-1.61236e-05
9.49764e-05
0.000130176
3.19764e-05
8.92764e-05
-3.82236e-05
4.90764e-05
-0.000155024
-0.000202824
-0.000102824
-8.97236e-05
-0.000108124
-4.33236e-05
-0.000132824
-0.000200424
6.95764e-05
0.000173076
0.000130576
9.75764e-05
6.50764e-05
-5.22236e-05
3.98764e-05
4.7643e-07
-0.000120624
-2.88236e-05
-0.000129324
-0.000161624
0.000102176
-5.44236e-05
-0.000248324
-5.08236e-05
-6.2357e-07
7.88764e-05
0.000102076
0.000169776
0.000183176
0.000259176
8.53764e-05
-4.00236e-05
3.77764e-05
0.000190976
0.000159376
-8.24236e-05
-3.73236e-05
-2.55236e-05
-9.10236e-05
-9.97236e-05
-0.000158324
2.84764e-05
9.49764e-05
8.87764e-05
0.000316776
0.000239276
0.000106676
0.000145776
-0.000116724
2.20764e-05
0.000239076
2.56764e-05
-0.000181124
-4.10236e-05
-6.49236e-05
-7.02236e-05
-0.000178124
-0.000130724
-5.47236e-05
6.25764e-05
0.000156576
0.000200476
0.000309176
0.000162576
5.15764e-05
-0.000211024
-4.15236e-05
0.000105876
-1.62357e-06
-0.000129424
-0.000133124
-4.37236e-05
-8.58236e-05
-0.000217324
4.37643e-06
-4.47236e-05
-1.97236e-05
9.07764e-05
-6.71236e-05
2.26764e-05
5.58764e-05
-4.41236e-05
-0.000111724
-3.90236e-05
-8.96236e-05
2.61764e-05
-1.72236e-05
-0.000155924
-9.23236e-05
-5.42236e-05
4.22764e-05
-3.42236e-05
-9.59236e-05
9.76764e-05
4.82764e-05
7.97643e-06
-0.000177924
-4.39236e-05
2.12764e-05
-1.42236e-05
0.000147776
-0.000104224
7.35764e-05
7.66764e-05
-4.59236e-05
5.23764e-05
9.34764e-05
0.000151076
6.35764e-05
-3.20236e-05
0.000117876
-3.92357e-06
-8.42357e-06
-7.20236e-05
1.05764e-05
2.26764e-05
0.000125376
0.000101776
-5.81236e-05
-8.64236e-05
-6.31236e-05
1.30764e-05
-0.000213424
-8.32357e-06
4.46764e-05
4.59764e-05
9.64764e-05
7.59764e-05
3.56764e-05
7.21764e-05
0.000127276
1.09764e-05
8.80764e-05
8.08764e-05
-0.000185224
-8.17236e-05
-0.000214524
1.59764e-05
-8.47236e-05
-9.85236e-05
2.78764e-05
2.55764e-05
-9.44236e-05
0.000152976
0.000186176
0.000244476
-9.2357e-07
4.81764e-05
9.07764e-05
4.54764e-05
6.93764e-05
0.000178976
6.41764e-05
9.20764e-05
-6.32236e-05
-6.70236e-05
8.19764e-05
5.55764e-05
5.94764e-05
-5.72357e-06
2.23764e-05
-6.93236e-05
4.37643e-06
3.27643e-06
-9.34236e-05
-9.98236e-05
-4.98236e-05
3.88764e-05
0.000102276
-3.04236e-05
-4.02357e-06
-7.16236e-05
-2.54236e-05
-1.87236e-05
-2.26236e-05
5.99764e-05
2.65764e-05
-0.000132224
-0.000123324
-8.16236e-05
4.31764e-05
-0.000172824
-3.11236e-05
-0.000239824
-3.2357e-07
-1.59236e-05
5.67764e-05
7.12764e-05
-0.000102824
9.22764e-05
0.000134576
1.17643e-06
3.31764e-05
7.37643e-06
-1.98236e-05
9.30764e-05
0.000116176
9.32764e-05
0.000139376
6.36764e-05
-0.000140924
-7.61236e-05
-9.72357e-06
5.21764e-05
3.78764e-05
-0.000103824
-3.49236e-05
1.26764e-05
-4.19236e-05
-0.000102824
-0.000135724
-0.000224424
1.67643e-06
0.000217776
0.000245076
0.000143976
-5.67236e-05
-0.000104924
1.86764e-05
-2.70236e-05
-2.62357e-06
-3.38236e-05
-0.000146524
-4.30236e-05
-0.000221824
-0.000191924
-0.000206024
-0.000204424
-0.000169724
-5.89236e-05
-0.000103924
-3.10236e-05
9.24764e-05
-6.93236e-05
-6.47236e-05
8.31764e-05
6.57764e-05
-0.000136524
-2.98236e-05
-0.000197424
-0.000139024
-0.000179524
-0.000183624
-0.000109924
-0.000106724
-4.66236e-05
7.09764e-05
-8.96236e-05
2.37764e-05
8.77643e-06
6.54764e-05
4.28764e-05
0.000188076
2.69764e-05
2.37643e-06
3.66764e-05
-0.000276024
-0.000239524
-0.000156424
-5.22236e-05
-0.000155024
-6.39236e-05
-0.000142224
-0.000139524
-0.000136124
2.66764e-05
0.000112976
0.000122876
0.000209376
0.000177976
9.37764e-05
5.10764e-05
-4.01236e-05
-0.000234124
-0.000204724
-8.35236e-05
-5.39236e-05
-7.71236e-05
-8.69236e-05
3.89764e-05
7.37764e-05
9.13764e-05
-1.73236e-05
2.84764e-05
-2.52357e-06
-7.05236e-05
0.000109976
4.13764e-05
2.07764e-05
-1.02357e-06
-8.41236e-05
-0.000155424
-0.000290524
-0.000195324
-3.18236e-05
-0.000106624
-6.92357e-06
2.12764e-05
1.39764e-05
3.27643e-06
-0.000113924
-9.22236e-05
-3.66236e-05
-0.000161724
3.14764e-05
2.46764e-05
3.93764e-05
9.23764e-05
3.91764e-05
7.51764e-05
-0.000112724
-0.000124324
-3.18236e-05
2.50764e-05
-8.22236e-05
3.66764e-05
4.87764e-05
-2.51236e-05
0.000194476
7.97643e-06
-0.000209424
-0.000185624
2.56764e-05
-0.000103024
-8.33236e-05
-4.88236e-05
3.53764e-05
-7.22236e-05
-5.85236e-05
-5.89236e-05
8.13764e-05
-3.61236e-05
0.000106176
0.000189676
2.44764e-05
0.000107776
1.54764e-05
-9.49236e-05
5.77764e-05
-6.04236e-05
4.88764e-05
7.87643e-06
-0.000146624
-7.09236e-05
-0.000141424
-3.76236e-05
-1.09236e-05
-7.92236e-05
7.31764e-05
4.66764e-05
7.72764e-05
7.95764e-05
-1.68236e-05
-3.08236e-05
-4.14236e-05
-0.000141424
-1.64236e-05
0.000130676
-1.58236e-05
-0.000112624
-4.99236e-05
-2.30236e-05
-0.000185524
4.24764e-05
-3.95236e-05
3.77643e-06
0.000177276
0.000190676
1.39764e-05
-6.95236e-05
-6.41236e-05
-0.000100424
-0.000100124
7.26764e-05
0.000107876
-0.000132624
-0.000155224
1.09764e-05
1.20764e-05
3.23764e-05
4.84764e-05
9.44764e-05
4.26764e-05
9.33764e-05
3.05764e-05
-6.96236e-05
-2.15236e-05
-6.45236e-05
-9.83236e-05
-4.36236e-05
3.85764e-05
-2.17236e-05
-0.000159224
-0.000209724
7.91764e-05
0.000159176
9.62764e-05
0.000215576
0.000126076
0.000125176
-8.50236e-05
-4.86236e-05
4.42764e-05
-6.52357e-06
0.000179676
2.36764e-05
4.43764e-05
3.77764e-05
-0.000138124
-0.000217024
-0.000194524
-9.43236e-05
2.00764e-05
-1.25236e-05
-5.08236e-05
4.16764e-05
8.68764e-05
-0.000116524
2.53764e-05
0.000106576
7.59764e-05
7.51764e-05
0.000286476
0.000132076
-4.37236e-05
-0.000124124
0.000140076
-1.62357e-06
4.67643e-06
-2.52236e-05
6.08764e-05
-1.47236e-05
7.17643e-06
0.000109276
6.77764e-05
1.57643e-06
-8.73236e-05
-4.22236e-05
7.07764e-05
0.000153776
4.87764e-05
-3.34236e-05
-7.28236e-05
7.81764e-05
3.71764e-05
1.97643e-06
6.57643e-06
-9.2357e-07
-7.18236e-05
-0.000156324
2.03764e-05
-3.62357e-06
8.60764e-05
-0.000170124
-4.41236e-05
-8.19236e-05
-0.000119624
3.23764e-05
1.14764e-05
-6.29236e-05
-7.18236e-05
9.21764e-05
2.64764e-05
9.90764e-05
-0.000103824
2.33764e-05
-0.000295024
-9.32236e-05
-4.74236e-05
-0.000216724
-0.000148824
-0.000115724
-0.000229624
-0.000241924
-7.78236e-05
4.48764e-05
-7.54236e-05
-0.000171924
-6.82357e-06
5.58764e-05
-0.000122724
-1.76236e-05
-5.36236e-05
-0.000136124
-7.39236e-05
5.59764e-05
1.36764e-05
5.79764e-05
3.77643e-06
-9.97236e-05
-0.000168824
-2.66236e-05
-0.000173624
-3.08236e-05
-4.90236e-05
-8.66236e-05
-5.53236e-05
-6.48236e-05
-0.000176724
-0.000194924
-0.000160924
1.37643e-06
0.000123876
7.27643e-06
-2.69236e-05
-5.04236e-05
-3.84236e-05
-0.000140324
3.48764e-05
-6.41236e-05
-9.11236e-05
-0.000158924
-0.000190324
-0.000339624
-0.000220724
-7.34236e-05
-0.000189624
-2.16236e-05
-1.75236e-05
7.57643e-06
-3.10236e-05
5.12764e-05
7.97643e-06
-5.10236e-05
-9.08236e-05
-4.59236e-05
-6.71236e-05
-6.79236e-05
-0.000235224
-0.000131724
-0.000157024
-0.000204024
-0.000247024
-2.41236e-05
1.52764e-05
-6.22236e-05
-0.000118824
-0.000111524
-3.06236e-05
-3.01236e-05
-9.24236e-05
7.53764e-05
5.67643e-06
-2.14236e-05
4.62764e-05
-0.000270824
-0.000263924
-0.000134924
-0.000190224
-0.000148524
-0.000126824
-0.000116924
3.03764e-05
-4.15236e-05
3.57643e-06
0.000100776
1.06764e-05
3.81764e-05
4.73764e-05
0.000153076
0.000236776
8.83764e-05
-0.000192724
-4.97236e-05
-0.000201224
-7.97236e-05
-4.49236e-05
6.24764e-05
-2.07236e-05
2.23764e-05
-2.47236e-05
5.24764e-05
-5.32236e-05
-6.23236e-05
-0.000159924
-2.25236e-05
-4.22357e-06
4.96764e-05
5.11764e-05
-5.70236e-05
-7.92357e-06
-0.000183324
-9.10236e-05
-0.000164224
-2.58236e-05
1.52764e-05
-4.81236e-05
-0.000237924
0.000117876
-0.000118424
-2.56236e-05
-8.41236e-05
-0.000144424
2.21764e-05
0.000121976
9.07764e-05
5.34764e-05
-8.02357e-06
-0.000224324
-0.000100224
-9.43236e-05
7.85764e-05
0.000195976
-2.51236e-05
-0.000121324
-7.12236e-05
6.19764e-05
-3.99236e-05
-0.000212824
-0.000201024
-2.78236e-05
6.81764e-05
0.000146076
9.86764e-05
-4.82357e-06
-4.78236e-05
-0.000135424
-0.000101624
0.000120476
0.000315376
0.000218776
-1.18236e-05
9.64764e-05
-9.35236e-05
-0.000151624
-0.000136724
-0.000184024
-0.000130024
-1.08236e-05
-9.31236e-05
-1.32357e-06
6.14764e-05
-2.29236e-05
2.89764e-05
5.71764e-05
0.000169976
0.000188676
0.000110676
1.71764e-05
0.000112576
-0.000124624
-0.000102724
-0.000225124
-0.000128124
-0.000157324
-7.16236e-05
1.79764e-05
-4.46236e-05
1.13764e-05
-3.19236e-05
-3.62236e-05
-8.23236e-05
-1.09236e-05
3.97643e-06
-6.56236e-05
-0.000106324
-7.98236e-05
-0.000157124
-0.000252024
-0.000112824
-0.000203724
-0.000234524
-0.000100824
1.64764e-05
-6.96236e-05
-0.000157924
1.61764e-05
1.73764e-05
-1.21236e-05
0.000149976
9.63764e-05
0.000135676
-5.82236e-05
-0.000185124
-0.000175424
-8.51236e-05
1.49764e-05
-0.000151724
-3.12236e-05
0.000188076
0.000199476
-0.000121624
-0.000123824
2.78764e-05
-0.000164624
-5.07236e-05
0.000169976
0.000104176
0.000105376
2.49764e-05
0.000123276
8.46764e-05
-4.19236e-05
-4.12357e-06
-5.19236e-05
7.78764e-05
6.77643e-06
3.45764e-05
-0.000174124
-8.06236e-05
-5.94236e-05
-7.89236e-05
-0.000125324
5.20764e-05
6.62764e-05
-8.81236e-05
0.000139676
0.000201676
-7.81236e-05
-0.000104424
4.04764e-05
0.000104676
6.12764e-05
0.000184676
-4.29236e-05
6.59764e-05
-0.000174124
-0.000135124
8.97643e-06
5.20764e-05
2.31764e-05
9.67764e-05
0.000165176
4.53764e-05
-0.000110724
-3.72357e-06
2.81764e-05
3.57643e-06
6.13764e-05
-1.23236e-05
-0.000124824
-0.000103124
9.51764e-05
-5.02357e-06
-5.03236e-05
1.85764e-05
0.000114176
-5.04236e-05
4.44764e-05
-5.26236e-05
1.34764e-05
3.17643e-06
-3.85236e-05
-0.000120224
-8.30236e-05
-4.96236e-05
-0.000150224
-0.000238224
-0.000164924
-8.47236e-05
9.21764e-05
8.98764e-05
0.000123976
-7.31236e-05
6.17643e-06
-8.94236e-05
-9.17236e-05
-2.48236e-05
-3.49236e-05
1.09764e-05
-0.000173724
-8.44236e-05
-0.000248724
-0.000206324
-0.000229724
-3.69236e-05
-0.000116324
-9.93236e-05
3.74764e-05
1.49764e-05
-3.24236e-05
5.41764e-05
4.24764e-05
0.000158276
0.000145976
4.26764e-05
-7.28236e-05
-0.000116824
-7.27236e-05
-6.37236e-05
-0.000128824
-0.000149524
-0.000167124
-6.45236e-05
-4.60236e-05
-7.84236e-05
-0.000114324
4.37643e-06
-0.000101924
-3.12236e-05
0.000100676
9.34764e-05
-1.38236e-05
-1.88236e-05
-0.000123624
-6.56236e-05
-0.000167224
-0.000198824
-0.000191524
-0.000381524
-0.000115024
-0.000145424
-0.000128024
-0.000183524
-0.000126824
-0.000214424
-4.48236e-05
-1.50236e-05
8.89764e-05
-0.000149324
-0.000218824
-0.000126824
-0.000190824
-0.000164724
-0.000107524
-7.24236e-05
-0.000224524
-0.000126324
-3.51236e-05
-0.000253524
-6.64236e-05
-0.000136224
1.48764e-05
-7.12357e-06
-5.08236e-05
4.19764e-05
-6.70236e-05
-3.04236e-05
-4.65236e-05
-0.000101024
-8.94236e-05
-8.64236e-05
-7.72357e-06
-4.61236e-05
5.09764e-05
-9.20236e-05
-3.62236e-05
-4.90236e-05
-0.000139524
-5.63236e-05
8.79764e-05
-5.52357e-06
-0.000118824
5.49764e-05
-1.42357e-06
-6.32236e-05
-5.18236e-05
2.57764e-05
2.91764e-05
7.31764e-05
9.24764e-05
-9.94236e-05
-5.73236e-05
-0.000165524
-0.000122324
2.39764e-05
-9.29236e-05
6.27643e-06
-2.15236e-05
-1.49236e-05
-2.24236e-05
1.34764e-05
-7.60236e-05
-9.54236e-05
4.33764e-05
0.000141876
0.000209076
5.38764e-05
-0.000133524
-3.39236e-05
2.38764e-05
-3.70236e-05
-9.48236e-05
-8.21236e-05
0.000105376
-8.72357e-06
-0.000228524
-0.000130824
5.05764e-05
3.48764e-05
6.61764e-05
2.18764e-05
-6.86236e-05
9.33764e-05
2.97764e-05
-8.54236e-05
-0.000110424
-8.00236e-05
-6.65236e-05
-6.58236e-05
-0.000128924
3.85764e-05
2.66764e-05
0.000105676
-9.28236e-05
-9.65236e-05
-0.000127924
-0.000208124
-0.000134524
-0.000198324
-0.000143424
4.73764e-05
-3.57236e-05
-7.51236e-05
-3.48236e-05
-7.16236e-05
9.27643e-06
0.000183776
8.88764e-05
-6.35236e-05
5.82764e-05
-0.000183924
-7.05236e-05
-0.000260824
-0.000151924
-0.000108924
-0.000102524
-5.01236e-05
-0.000124424
-0.000118024
-3.36236e-05
1.77643e-06
2.85764e-05
0.000139476
0.000106576
1.96764e-05
-0.000109424
-0.000159624
-0.000168724
-0.000164224
-6.15236e-05
-0.000234324
-0.000118024
-4.03236e-05
-7.96236e-05
-0.000185224
-9.91236e-05
-1.69236e-05
-2.28236e-05
-3.32236e-05
3.78764e-05
0.000115976
0.000107176
-3.28236e-05
-3.92357e-06
-9.28236e-05
-0.000108224
-0.000205324
-0.000210424
-2.03236e-05
-5.72236e-05
-0.000173824
-2.07236e-05
-5.50236e-05
-0.000138324
4.28764e-05
0.000151776
8.27764e-05
5.77764e-05
8.94764e-05
-0.000148324
-0.000120424
-2.33236e-05
-0.000248924
-0.000257124
-0.000114424
-5.68236e-05
-4.85236e-05
1.06764e-05
8.93764e-05
-0.000307824
-0.000140624
-0.000117524
-0.000101424
-2.60236e-05
-0.000100124
1.01764e-05
-7.94236e-05
5.87643e-06
-3.99236e-05
-0.000146224
-0.000163024
-0.000138224
-0.000102524
2.00764e-05
-2.19236e-05
-8.82357e-06
-0.000154324
-0.000120524
-6.33236e-05
-8.69236e-05
6.16764e-05
-9.13236e-05
-0.000146524
-5.75236e-05
4.99764e-05
8.47764e-05
-8.93236e-05
-0.000105524
1.95764e-05
-2.53236e-05
-0.000134424
-8.46236e-05
-0.000148124
6.97764e-05
-0.000293424
-0.000117824
0.000100476
-2.51236e-05
6.49764e-05
1.07764e-05
0.000130676
8.76764e-05
8.14764e-05
-0.000115424
-0.000105824
4.15764e-05
4.85764e-05
-9.75236e-05
3.42764e-05
-1.11236e-05
6.31764e-05
-9.42357e-06
-2.27236e-05
2.34764e-05
0.000167176
1.70764e-05
2.26764e-05
-1.32357e-06
-4.72357e-06
8.78764e-05
-4.15236e-05
-2.97236e-05
-1.35236e-05
-0.000103824
-0.000202224
-0.000195124
-0.000243024
-8.81236e-05
-0.000122424
-7.51236e-05
6.77643e-06
8.24764e-05
-2.60236e-05
0.000152476
6.55764e-05
7.97643e-06
-3.2357e-07
-7.83236e-05
-1.26236e-05
-3.59236e-05
-0.000124124
-0.000179824
-0.000163224
-0.000172524
-0.000114024
-0.000185624
-4.98236e-05
-0.000115024
-0.000177224
2.03764e-05
0.000122576
4.16764e-05
4.60764e-05
-3.42357e-06
-0.000167524
7.77643e-06
0.000137676
-0.000163924
-0.000244624
-0.000117724
-0.000169024
-0.000180624
-0.000159524
-4.55236e-05
-9.92357e-06
-6.41236e-05
-0.000202424
4.54764e-05
-3.96236e-05
5.77764e-05
5.58764e-05
-0.000103724
8.26764e-05
6.26764e-05
-0.000132324
-0.000370324
-0.000202624
-8.87236e-05
-0.000238024
-0.000256224
-5.01236e-05
-4.85236e-05
-8.70236e-05
-0.000132424
-6.58236e-05
1.26764e-05
-9.18236e-05
-7.10236e-05
-0.000177324
-0.000104124
-5.24236e-05
-3.56236e-05
-0.000141624
-3.15236e-05
-0.000105624
-0.000172024
-0.000184824
-0.000125424
-0.000162824
-5.41236e-05
3.80764e-05
-2.88236e-05
7.13764e-05
8.48764e-05
-5.27236e-05
-1.42236e-05
-0.000151824
-0.000157224
-0.000157924
-0.000155324
-0.000101724
-8.86236e-05
-8.22236e-05
2.08764e-05
-8.01236e-05
-0.000232124
-8.43236e-05
-0.000137824
1.63764e-05
-1.08236e-05
-1.82357e-06
-1.79236e-05
4.28764e-05
-7.74236e-05
-0.000143624
-2.05236e-05
2.56764e-05
-3.49236e-05
1.33764e-05
-4.55236e-05
1.68764e-05
-0.000194124
-8.47236e-05
-0.000146324
-6.82236e-05
-0.000150524
-0.000151524
-0.000261724
-0.000125924
6.98764e-05
-5.52357e-06
6.07643e-06
0.000141376
0.000178176
2.85764e-05
0.000108076
9.65764e-05
7.39764e-05
1.46764e-05
9.65764e-05
-1.23236e-05
2.85764e-05
-9.56236e-05
-9.07236e-05
-0.000141824
-0.000105124
0.000106276
-1.46236e-05
-2.26236e-05
0.000186076
0.000118076
-9.85236e-05
-4.23236e-05
5.67643e-06
-9.37236e-05
4.68764e-05
8.27764e-05
-0.000133324
-0.000126324
-4.79236e-05
-5.08236e-05
-1.22357e-06
7.65764e-05
-0.000114924
-6.46236e-05
-3.44236e-05
-7.74236e-05
-0.000183624
-0.000108024
5.57643e-06
1.49764e-05
-8.26236e-05
-2.45236e-05
-1.83236e-05
6.90764e-05
-7.13236e-05
-7.29236e-05
-4.11236e-05
4.87764e-05
-6.20236e-05
-0.000151724
-5.54236e-05
-0.000141124
2.20764e-05
-9.98236e-05
-9.75236e-05
-0.000120624
0.000156276
-9.29236e-05
-2.30236e-05
3.84764e-05
-0.000103724
5.47643e-06
-3.75236e-05
-0.000109724
-0.000193724
-0.000135324
-0.000114724
-0.000159224
-0.000290024
-0.000130724
-0.000136624
-0.000219624
-8.68236e-05
-9.40236e-05
2.59764e-05
-1.98236e-05
-7.92357e-06
7.39764e-05
-5.79236e-05
-0.000149824
-4.53236e-05
-0.000123324
-0.000206124
-4.78236e-05
-0.000149324
-7.88236e-05
-1.88236e-05
8.27643e-06
-8.48236e-05
-0.000183224
-7.40236e-05
-5.86236e-05
-0.000100324
6.77764e-05
-8.93236e-05
-0.000193324
-0.000149924
-5.13236e-05
-0.000139824
-0.000128524
-0.000265724
-0.000292224
-0.000119724
4.02764e-05
1.02764e-05
-4.94236e-05
-0.000106524
-0.000128124
-0.000226024
6.37764e-05
0.000128676
-1.22357e-06
-7.34236e-05
-0.000210424
-7.89236e-05
-0.000111724
-0.000142624
-0.000289224
-0.000117424
-0.000172624
-0.000107024
-0.000126024
1.67643e-06
5.97643e-06
-9.26236e-05
-8.91236e-05
-9.52357e-06
5.76764e-05
9.57643e-06
-0.000269724
-0.000250424
-0.000178724
4.43764e-05
9.09764e-05
-0.000175324
-7.28236e-05
-0.000102324
-7.03236e-05
7.04764e-05
8.08764e-05
-0.000193924
8.60764e-05
-3.78236e-05
2.63764e-05
6.84764e-05
-0.000143224
9.02764e-05
-9.31236e-05
8.95764e-05
0.000146876
0.000130376
-6.99236e-05
4.94764e-05
-3.82357e-06
-0.000203324
-0.000189724
-0.000146924
-5.17236e-05
-7.28236e-05
-0.000273324
-0.000153824
9.37643e-06
0.000200876
5.21764e-05
-0.000110424
9.97643e-06
7.14764e-05
-1.75236e-05
3.53764e-05
1.86764e-05
4.34764e-05
-0.000105524
-0.000152924
-0.000296524
-0.000260124
-0.000102124
-0.000237324
-0.000232124
-0.000125824
-2.84236e-05
4.89764e-05
3.54764e-05
-6.20236e-05
-8.55236e-05
-2.2357e-07
7.35764e-05
6.87643e-06
-7.84236e-05
-0.000134924
-0.000178424
-0.000169024
-0.000148924
-0.000142824
-0.000192024
-7.33236e-05
-8.19236e-05
-0.000146224
9.57643e-06
2.76764e-05
-2.94236e-05
-0.000186424
-1.91236e-05
-4.75236e-05
-2.34236e-05
5.87764e-05
-9.03236e-05
-0.000306424
-9.50236e-05
-0.000102724
-0.000112524
-3.52236e-05
9.91764e-05
-3.93236e-05
-0.000146124
-6.53236e-05
-0.000140424
-6.84236e-05
-5.76236e-05
-0.000192824
-7.64236e-05
-7.75236e-05
-6.47236e-05
-0.000164224
-0.000167824
-0.000137924
-9.94236e-05
-0.000161624
-0.000100524
2.17643e-06
6.67764e-05
-5.13236e-05
5.67764e-05
-8.50236e-05
-0.000106524
2.20764e-05
6.88764e-05
5.93764e-05
-7.12357e-06
-1.62236e-05
-3.53236e-05
-4.92236e-05
4.21764e-05
-4.55236e-05
-0.000107024
3.24764e-05
1.48764e-05
-3.48236e-05
-0.000152524
-3.05236e-05
-0.000155224
-4.35236e-05
-2.42236e-05
-3.92357e-06
0.000108076
-1.83236e-05
-0.000139424
-0.000126324
-1.87236e-05
-7.77236e-05
-0.000115224
-0.000132824
-3.70236e-05
7.96764e-05
-9.12236e-05
-0.000185224
-8.85236e-05
-8.65236e-05
-0.000137224
3.77643e-06
-0.000109224
-1.14236e-05
0.000241376
-9.13236e-05
8.85764e-05
-1.49236e-05
-2.20236e-05
5.46764e-05
0.000112576
7.11764e-05
3.32764e-05
-0.000183424
-0.000147424
-0.000100724
-0.000112124
-5.86236e-05
-8.59236e-05
5.17643e-06
2.82764e-05
5.94764e-05
1.91764e-05
0.000190676
0.000104876
-0.000186124
-1.54236e-05
0.000114976
0.000156276
0.000240376
0.000105576
-2.94236e-05
-4.70236e-05
-3.29236e-05
-0.000107124
-0.000138824
-6.97236e-05
4.50764e-05
-4.16236e-05
-0.000163924
-0.000135724
1.32764e-05
6.73764e-05
-9.94236e-05
-2.81236e-05
2.94764e-05
0.000163076
0.000150076
0.000165176
1.87764e-05
-0.000146624
-4.10236e-05
3.09764e-05
4.16764e-05
2.87764e-05
-4.90236e-05
5.32764e-05
-7.52357e-06
3.83764e-05
2.61764e-05
4.89764e-05
0.000113376
1.04764e-05
3.30764e-05
2.64764e-05
-3.54236e-05
-5.20236e-05
-0.000202324
-0.000122524
-4.37236e-05
-0.000135824
-0.000128524
9.26764e-05
-4.72236e-05
-3.32357e-06
-0.000107824
-9.90236e-05
3.56764e-05
0.000102876
0.000180976
1.54764e-05
-9.42357e-06
3.79764e-05
-0.000121424
-7.24236e-05
8.7643e-07
1.98764e-05
-0.000264424
-4.94236e-05
-7.25236e-05
-0.000109924
-0.000201224
-8.87236e-05
3.79764e-05
-3.42236e-05
0.000100776
5.71764e-05
-1.10236e-05
-4.12236e-05
-2.01236e-05
-1.54236e-05
-1.87236e-05
1.02764e-05
-5.40236e-05
-0.000165824
-0.000187224
-0.000119624
-0.000120224
-8.69236e-05
0.000135376
2.27643e-06
-9.66236e-05
6.36764e-05
-4.91236e-05
6.17643e-06
0.000126476
0.000109376
-7.04236e-05
-0.000136524
-2.62357e-06
-0.000121224
-0.000160424
-0.000215124
-0.000176424
-0.000129324
-9.75236e-05
-0.000102924
-5.40236e-05
-0.000160324
-6.32236e-05
-0.000184724
9.37643e-06
0.000199776
3.68764e-05
-0.000137724
-0.000203624
-1.53236e-05
-0.000105224
-0.000175124
-0.000277124
-0.000215424
-0.000121224
-0.000171524
-2.72236e-05
3.67643e-06
-7.39236e-05
1.66764e-05
-2.79236e-05
7.22764e-05
0.000114976
-4.39236e-05
-0.000133724
-0.000267624
-0.000192024
-0.000100924
-0.000323124
-0.000214124
-8.93236e-05
4.34764e-05
-0.000120724
-2.69236e-05
0.000136476
0.000111476
-4.90236e-05
-4.42236e-05
-2.74236e-05
7.12764e-05
0.000109376
7.90764e-05
8.92764e-05
8.29764e-05
2.44764e-05
-8.42357e-06
-5.20236e-05
-4.59236e-05
-4.29236e-05
-1.58236e-05
-3.84236e-05
1.20764e-05
0.000139276
1.48764e-05
3.84764e-05
-9.53236e-05
-1.04236e-05
-3.02357e-06
-0.000111524
-9.64236e-05
-0.000118524
-1.05236e-05
-7.68236e-05
-0.000119724
4.21764e-05
-5.52357e-06
-5.12357e-06
-5.31236e-05
-0.000122024
1.54764e-05
-0.000119824
-0.000100624
-0.000117724
-6.38236e-05
-0.000104924
-7.80236e-05
-0.000197924
-9.02357e-06
3.37764e-05
-2.72236e-05
-5.91236e-05
-2.97236e-05
-7.93236e-05
4.98764e-05
-4.33236e-05
-0.000129224
-0.000142124
3.34764e-05
0.000109976
0.000194176
2.45764e-05
-8.09236e-05
-0.000232724
-0.000110824
-0.000106224
-0.000172424
-0.000115524
-0.000208924
-5.47236e-05
-0.000145624
-6.51236e-05
-0.000140724
-3.38236e-05
-7.48236e-05
-5.09236e-05
0.000122976
0.000214376
0.000154776
-0.000127324
-0.000178224
-0.000156624
-0.000200024
5.37643e-06
-3.85236e-05
-0.000251524
-0.000125624
-8.14236e-05
3.42764e-05
4.24764e-05
-0.000236624
-8.49236e-05
4.10764e-05
4.08764e-05
0.000204676
0.000250276
-2.27236e-05
-2.75236e-05
-5.60236e-05
-0.000141324
0.000158676
4.26764e-05
-6.74236e-05
-0.000177524
-6.97236e-05
-0.000167024
5.87764e-05
6.77764e-05
-9.51236e-05
-9.32357e-06
5.39764e-05
0.000183876
-9.02357e-06
-3.76236e-05
-5.26236e-05
-7.07236e-05
1.54764e-05
9.06764e-05
0.000103776
-3.82357e-06
-8.2357e-07
-2.70236e-05
-9.42236e-05
-0.000127924
1.58764e-05
-7.80236e-05
8.22764e-05
0.000189376
5.16764e-05
3.38764e-05
-1.94236e-05
-0.000118624
-0.000155424
-0.000143324
8.28764e-05
-3.99236e-05
7.75764e-05
0.000139076
9.97764e-05
-3.92357e-06
-6.11236e-05
-2.38236e-05
8.87643e-06
2.87764e-05
0.000107176
0.000170676
4.18764e-05
-4.72357e-06
-6.33236e-05
-7.04236e-05
-0.000204424
-0.000131824
-6.71236e-05
-8.82357e-06
0.000112476
-3.76236e-05
6.46764e-05
-8.04236e-05
6.98764e-05
0.000247376
3.19764e-05
0.000133576
7.58764e-05
3.19764e-05
-0.000184524
-0.000109524
-9.16236e-05
-6.07236e-05
-0.000118024
-7.19236e-05
0.000115976
-5.78236e-05
-8.81236e-05
-2.81236e-05
1.16764e-05
6.70764e-05
0.000152076
9.64764e-05
0.000147276
0.000202976
0.000179376
-0.000115424
-0.000249724
-0.000166124
7.32764e-05
-0.000168724
-5.93236e-05
1.05764e-05
-9.05236e-05
-7.17236e-05
-7.52236e-05
0.000149876
1.27764e-05
2.05764e-05
9.62764e-05
0.000174676
0.000175776
7.03764e-05
-1.51236e-05
-8.85236e-05
-0.000265024
-0.000249524
-0.000101024
-2.98236e-05
5.37643e-06
0.000121976
0.000163376
3.99764e-05
2.23764e-05
-5.72357e-06
-2.56236e-05
-2.28236e-05
0.000151976
-2.12236e-05
1.07764e-05
0.000209376
-8.90236e-05
-0.000129824
-6.58236e-05
3.33764e-05
-0.000199724
-7.06236e-05
3.37643e-06
-0.000176724
-0.000234124
-0.000118424
-0.000101024
3.52764e-05
0.000193176
0.000230376
-7.12357e-06
-3.76236e-05
0.000156876
2.43764e-05
7.20764e-05
0.000141476
9.31764e-05
-2.03236e-05
-7.07236e-05
-1.58236e-05
-0.000172424
-0.000182824
-8.28236e-05
9.87643e-06
-0.000123724
3.83764e-05
-8.60236e-05
-2.27236e-05
0.000141476
0.000161376
4.34764e-05
0.000183976
3.64764e-05
7.57643e-06
-8.10236e-05
-0.000169324
-4.28236e-05
-7.99236e-05
1.21764e-05
-0.000115224
-3.73236e-05
-0.000163924
-1.92357e-06
-7.78236e-05
5.49764e-05
0.000227276
9.45764e-05
-6.22236e-05
6.80764e-05
-7.48236e-05
-9.90236e-05
-0.000132724
-0.000182524
-0.000203624
-4.25236e-05
-0.000107724
-5.53236e-05
-5.32357e-06
-4.78236e-05
-7.26236e-05
4.97764e-05
6.42764e-05
8.52764e-05
0.000137776
-0.000125924
-0.000191624
-7.65236e-05
-9.69236e-05
-0.000171024
-0.000220024
-0.000155424
-4.79236e-05
-3.83236e-05
-6.90236e-05
0.000166876
5.49764e-05
-0.000103624
-2.42357e-06
-5.26236e-05
-8.12236e-05
-0.000278224
-0.000223524
-0.000176824
-7.26236e-05
-0.000150824
-2.81236e-05
-5.89236e-05
4.98764e-05
-1.59236e-05
6.93764e-05
7.77764e-05
0.000180076
0.000164576
-8.54236e-05
-1.15236e-05
8.95764e-05
-3.94236e-05
-0.000133124
-0.000152524
-0.000196624
-0.000207324
-2.35236e-05
5.95764e-05
-0.000108324
-9.12357e-06
-2.90236e-05
5.85764e-05
-1.90236e-05
-2.28236e-05
1.43764e-05
0.000117076
4.89764e-05
7.20764e-05
-5.98236e-05
-0.000157524
-9.64236e-05
-4.06236e-05
-0.000242924
-0.000206924
-0.000157124
-0.000235624
-8.66236e-05
2.60764e-05
-3.89236e-05
-1.2357e-07
-9.80236e-05
-4.15236e-05
4.47643e-06
1.85764e-05
1.27643e-06
0.000109876
-0.000154924
-0.000188724
-2.46236e-05
-6.83236e-05
1.17643e-06
-3.62357e-06
-0.000120124
-8.43236e-05
-0.000106724
-3.07236e-05
-9.87236e-05
-6.18236e-05
-0.000180624
-7.12236e-05
7.97764e-05
0.000313976
9.68764e-05
-1.71236e-05
-0.000229724
-0.000190924
-7.69236e-05
-5.76236e-05
-2.77236e-05
-7.46236e-05
-0.000190624
-6.55236e-05
-0.000106324
-3.36236e-05
-0.000287724
-0.000102224
-3.38236e-05
8.02764e-05
0.000253276
7.39764e-05
-0.000143124
-7.63236e-05
-4.39236e-05
-1.89236e-05
4.81764e-05
6.43764e-05
-0.000145124
-0.000115824
-0.000128124
-0.000177624
-0.000167024
-0.000161624
-5.65236e-05
9.91764e-05
9.94764e-05
0.000225576
7.58764e-05
1.47764e-05
7.39764e-05
0.000131176
-2.60236e-05
0.000154376
0.000185876
-0.000118424
-0.000110724
-4.26236e-05
-4.39236e-05
-0.000121424
-5.30236e-05
-6.70236e-05
4.26764e-05
3.76764e-05
0.000105276
9.41764e-05
1.55764e-05
0.000165776
-5.54236e-05
-7.72236e-05
6.83764e-05
0.000132376
4.34764e-05
0.000101776
0.000138376
1.08764e-05
9.54764e-05
0.000142876
9.12764e-05
5.68764e-05
0.000148676
0.000180276
9.78764e-05
2.77643e-06
-4.80236e-05
-0.000122724
-0.000178824
-0.000180724
-2.80236e-05
4.80764e-05
0.000258576
0.000113176
0.000152976
0.000163776
0.000222176
0.000244876
7.00764e-05
8.40764e-05
0.000137776
7.93764e-05
9.7643e-07
-2.63236e-05
-1.57236e-05
-0.000152624
-6.86236e-05
9.20764e-05
2.45764e-05
-6.40236e-05
-1.71236e-05
0.000126176
0.000121776
0.000180076
0.000208776
7.45764e-05
0.000126376
0.000105976
1.88764e-05
2.19764e-05
-6.54236e-05
-0.000161524
-0.000267824
-0.000123824
-0.000103024
-7.88236e-05
-1.71236e-05
-7.75236e-05
-1.01236e-05
8.7643e-07
0.000199276
0.000166476
-0.000107824
-4.81236e-05
7.36764e-05
-1.20236e-05
7.07764e-05
-9.98236e-05
-9.43236e-05
-0.000237224
-0.000108624
-8.45236e-05
-0.000148624
6.47643e-06
9.53764e-05
-5.27236e-05
-0.000119924
7.53764e-05
6.30764e-05
4.7643e-07
0.000148376
0.000129476
0.000101676
4.41764e-05
3.30764e-05
4.73764e-05
2.81764e-05
-3.74236e-05
-7.39236e-05
1.83764e-05
-0.000131624
-6.98236e-05
-4.52236e-05
-7.29236e-05
4.60764e-05
0.000152976
8.93764e-05
3.65764e-05
6.79764e-05
5.56764e-05
0.000190076
0.000183876
7.94764e-05
9.50764e-05
1.44764e-05
-6.68236e-05
-0.000138024
-0.000140824
-0.000110224
-9.99236e-05
-3.93236e-05
7.79764e-05
0.000134376
-2.63236e-05
-0.000124824
4.06764e-05
0.000159076
0.000238976
0.000175176
7.62764e-05
-2.36236e-05
-8.73236e-05
-7.75236e-05
-0.000176524
-5.35236e-05
-4.05236e-05
7.25764e-05
6.76764e-05
4.73764e-05
0.000210376
-6.16236e-05
-0.000126624
-0.000126124
-6.70236e-05
8.08764e-05
8.62764e-05
-2.35236e-05
-7.82236e-05
1.99764e-05
-0.000172824
-9.85236e-05
1.23764e-05
7.14764e-05
-5.29236e-05
2.78764e-05
0.000129676
0.000108176
1.16764e-05
-6.87236e-05
-9.52236e-05
-1.89236e-05
5.88764e-05
4.62764e-05
-1.86236e-05
-0.000264924
-0.000174724
-0.000273924
4.07643e-06
-1.50236e-05
-5.67236e-05
-9.05236e-05
0.000110776
0.000148976
7.84764e-05
-7.19236e-05
-4.60236e-05
4.06764e-05
3.38764e-05
-7.76236e-05
0.000116576
-0.000157424
-0.000154024
-0.000121124
-0.000103724
0.000135676
-4.22357e-06
-9.82236e-05
-8.92357e-06
1.65764e-05
5.88764e-05
7.98764e-05
-5.72236e-05
-0.000108024
-3.97236e-05
9.63764e-05
-6.91236e-05
-1.43236e-05
-7.96236e-05
-0.000169024
-1.00236e-05
-8.95236e-05
-6.56236e-05
-0.000160524
-0.000115724
0.000160276
0.000103476
5.07643e-06
0.000193376
5.16764e-05
4.99764e-05
6.47643e-06
-5.85236e-05
-9.45236e-05
-5.10236e-05
5.14764e-05
-2.67236e-05
-9.51236e-05
-7.42236e-05
-6.92236e-05
-0.000123924
7.21764e-05
-7.12236e-05
-0.000187924
-4.35236e-05
2.59764e-05
1.41764e-05
4.55764e-05
8.69764e-05
9.30764e-05
-8.42357e-06
-0.000103324
1.79764e-05
-4.02357e-06
1.04764e-05
-3.64236e-05
-0.000140624
-0.000163224
-0.000163724
-3.38236e-05
-0.000222024
-0.000123624
1.07764e-05
2.19764e-05
0.000273076
0.000266376
0.000168076
-3.88236e-05
-8.88236e-05
7.07643e-06
-7.62236e-05
-0.000235924
6.46764e-05
-9.09236e-05
-9.01236e-05
-0.000236724
-0.000100124
-0.000106524
-0.000229624
-0.000103724
-7.75236e-05
9.47643e-06
0.000112376
0.000121876
-9.68236e-05
0.000160076
-2.63236e-05
-4.71236e-05
-5.32236e-05
4.54764e-05
-0.000129224
2.07643e-06
4.58764e-05
4.05764e-05
-0.000195824
-0.000268424
-6.03236e-05
0.000150276
4.30764e-05
7.23764e-05
3.82764e-05
1.58764e-05
0.000166376
8.87643e-06
-8.00236e-05
9.46764e-05
0.000106876
6.43764e-05
0.000114876
1.64764e-05
5.10764e-05
-0.000129424
-0.000134124
-1.73236e-05
0.000149776
0.000111776
0.000108776
3.56764e-05
-8.02357e-06
-8.79236e-05
-3.01236e-05
-0.000206824
-0.000137524
4.86764e-05
8.22764e-05
0.000119976
7.63764e-05
7.53764e-05
-2.39236e-05
0.000116276
0.000136776
-7.61236e-05
4.91764e-05
6.73764e-05
0.000117376
3.10764e-05
9.69764e-05
1.28764e-05
-0.000265624
-0.000139124
-1.64236e-05
-9.2357e-07
0.000155076
0.000156576
-3.08236e-05
1.37764e-05
0.000163376
0.000205676
6.17643e-06
-4.89236e-05
0.000150676
7.57764e-05
7.42764e-05
2.97764e-05
-0.000134724
-2.86236e-05
-2.86236e-05
-5.48236e-05
-9.33236e-05
-5.41236e-05
2.41764e-05
-0.000117924
8.37643e-06
8.82764e-05
0.000175676
-9.22236e-05
0.000105176
7.75764e-05
5.57643e-06
3.81764e-05
-0.000107724
5.05764e-05
-0.000166324
-0.000104924
-0.000139124
-0.000153224
8.79764e-05
-2.39236e-05
3.27764e-05
5.24764e-05
0.000130976
0.000270276
-0.000117524
-6.06236e-05
4.09764e-05
8.36764e-05
-9.18236e-05
-0.000213724
-2.82236e-05
-0.000150424
-8.50236e-05
-0.000131424
-2.20236e-05
-7.2357e-07
-2.68236e-05
-4.04236e-05
-2.69236e-05
0.000121276
0.000275176
-9.94236e-05
-4.42357e-06
6.77764e-05
-8.92357e-06
3.99764e-05
-1.42357e-06
0.000121676
0.000204476
-8.11236e-05
-0.000165024
-0.000131924
7.37643e-06
9.57643e-06
1.16764e-05
6.61764e-05
0.000179976
0.000102476
2.49764e-05
0.000147476
2.24764e-05
-0.000128024
9.20764e-05
0.000117376
-6.76236e-05
9.07643e-06
-4.70236e-05
-0.000100824
-0.000114524
-0.000187224
-7.30236e-05
-4.04236e-05
1.41764e-05
2.94764e-05
0.000225576
-7.66236e-05
-0.000160124
2.53764e-05
-1.10236e-05
0.000219876
4.76764e-05
-6.62236e-05
-3.77236e-05
3.59764e-05
-1.64236e-05
-2.81236e-05
-6.93236e-05
-1.56236e-05
6.00764e-05
-6.45236e-05
4.75764e-05
0.000166576
-0.000151724
-6.14236e-05
-1.73236e-05
-8.50236e-05
1.44764e-05
0.000126876
5.46764e-05
-2.38236e-05
-2.68236e-05
1.47643e-06
-0.000101024
6.60764e-05
4.95764e-05
-0.000105624
-6.27236e-05
0.000120876
8.91764e-05
-3.76236e-05
5.31764e-05
-8.16236e-05
-9.91236e-05
-3.2357e-07
3.83764e-05
-0.000101324
-6.96236e-05
-0.000114924
-0.000116224
-3.92357e-06
0.000162976
8.49764e-05
-0.000212524
-1.08236e-05
5.71764e-05
0.000123476
